iter      cost      cost_change  |gradient|   |step|    tr_ratio  tr_radius  ls_iter  iter_time  total_time
   0  3.912074e+00    0.00e+00    3.80e+00   0.00e+00   0.00e+00  1.00e+04        0    1.21e-03    1.56e-03
   1  2.086072e+00    1.83e+00    5.63e-01   1.56e+00   5.25e-01  1.00e+04        1    1.56e-03    3.37e-03
   2  1.303751e+01   -1.10e+01    5.63e-01   3.02e+00  -1.22e+01  5.00e+03        1    2.51e-04    3.78e-03
   3  1.304954e+01   -1.10e+01    5.63e-01   3.02e+00  -1.22e+01  1.25e+03        1    2.51e-04    4.16e-03
   4  1.312225e+01   -1.10e+01    5.63e-01   3.02e+00  -1.23e+01  1.56e+02        1    3.05e-04    4.62e-03
   5  1.385087e+01   -1.18e+01    5.63e-01   3.00e+00  -1.31e+01  9.77e+00        1    3.36e-04    5.31e-03
   9  6.780191e-02    3.17e-01    2.83e-01   2.52e-01   1.14e+00  8.24e+00        1    1.18e-03    9.84e-03
  10  6.502935e-02    2.77e-03    1.95e-02   1.80e-02   9.82e-01  2.47e+01        1    1.36e-03    1.14e-02
Ceres Solver Report: Iterations: 11, Initial cost: 3.912074e+00, Final cost: 6.502935e-02, Termination: NO_CONVERGENCE
Initial mu: 0   sigma: 1
Final mu: 1.57729       sigma: 0.605089